Linux 3.10.0-514.26.2.el7.x86_64 (localhost)    15.05.2019      _x86_64_        (12 CPU)

avg-cpu:  %user   %nice %system %iowait  %steal   %idle
           3,18    0,00    0,47    1,43    0,00   94,92

Device:            tps    kB_read/s    kB_wrtn/s    kB_read    kB_wrtn
sda              59,29      9997,79      2185,90 25131374531 5494694767
sdb              28,51      3076,91      2223,66 7734403548 5589603360
scd0              0,00         0,00         0,00         44          0
dm-0              1,46        26,60         8,61   66866358   21639190
dm-1             11,49        21,28        24,70   53488568   62080392
dm-2             86,92     13026,80      4376,26 32745392827 11000576016
